code
002059
600706
600138
300144
600593
